initial: 6
0.00000 0.10372 0.09624 0.21029 0.00000 0.58975

transition: 6
0.20270 0.20438 0.59291 0.00000 0.00002 0.00000
0.01382 0.28713 0.51066 0.00041 0.00000 0.18797
0.49570 0.00598 0.19597 0.30236 0.00000 0.00000
0.20038 0.00018 0.00107 0.59877 0.00000 0.19960
0.00000 0.10211 0.00000 0.00000 0.50278 0.39512
0.39785 0.00002 0.00000 0.00000 0.30310 0.29903

observation: 6
0.49510 0.69862 0.30162 0.10047 0.00002 0.09952
0.00185 0.00201 0.40018 0.09923 0.10300 0.09592
0.00000 0.29842 0.19997 0.19643 0.09855 0.30136
0.50305 0.00095 0.09808 0.00000 0.00347 0.40218
0.00000 0.00000 0.00016 0.60388 0.00206 0.10102
0.00000 0.00000 0.00000 0.00000 0.79290 0.00000
