initial: 6
0.71959 0.00052 0.09168 0.18820 0.00000 0.00000

transition: 6
0.30878 0.00121 0.49310 0.00025 0.00000 0.19666
0.00084 0.20077 0.79731 0.00108 0.00000 0.00000
0.00035 0.49949 0.20139 0.29877 0.00000 0.00000
0.00001 0.20166 0.00001 0.59774 0.00000 0.20058
0.10494 0.00000 0.00000 0.00000 0.49844 0.39662
0.00004 0.39479 0.00000 0.00000 0.30082 0.30435

observation: 6
0.99543 0.49849 0.29766 0.09828 0.00040 0.09894
0.00246 0.00012 0.40007 0.09972 0.10421 0.09740
0.00211 0.00207 0.20084 0.80199 0.09089 0.30900
0.00000 0.49926 0.10137 0.00000 0.00470 0.39579
0.00000 0.00006 0.00005 0.00000 0.00238 0.09887
0.00000 0.00000 0.00000 0.00000 0.79743 0.00000
