initial: 6
0.50759 0.49241 0.00000 0.00000 0.00000 0.00000

transition: 6
0.29193 0.50808 0.00654 0.19310 0.00000 0.00035
0.00070 0.50196 0.19885 0.00000 0.00000 0.29848
0.00226 0.00019 0.20246 0.78872 0.00000 0.00637
0.00014 0.00106 0.00444 0.28163 0.51280 0.19993
0.00000 0.00000 0.00000 0.00000 0.50079 0.49921
0.59863 0.00000 0.20650 0.19487 0.00000 0.00000

observation: 6
0.00019 0.29979 0.00144 0.10011 0.29874 0.09837
0.09987 0.39658 0.00000 0.10145 0.00000 0.10062
0.40444 0.19996 0.49026 0.29587 0.30230 0.00000
0.49550 0.10367 0.50667 0.40262 0.00000 0.00000
0.00000 0.00000 0.00163 0.09995 0.00000 0.80101
0.00000 0.00000 0.00000 0.00000 0.39895 0.00000
